 Case_ID                              ax_ind_factors_0                                                          mean_wind_dir                                                mean_wind_speed                                       yaw_angles_0                    
    0     [[0.22]
 [0.22]
 [0.22]
 [0.28]
 [0.28]
 [0.28]
 [0.34]
 [0.34]
 [0.34]]  [[270]
 [270]
 [270]
 [270]
 [270]
 [270]
 [270]
 [270]
 [270]
 [270]]  [[8]
 [8]
 [8]
 [8]
 [8]
 [8]
 [8]
 [8]
 [8]
 [8]]  [[0]
 [0]
 [0]
 [0]
 [0]
 [0]
 [0]
 [0]
 [0]
 [0]] 
    1     [[0.33]
 [0.33]
 [0.33]
 [0.41]
 [0.41]
 [0.41]
 [0.49]
 [0.49]
 [0.49]]  [[270]
 [270]
 [270]
 [270]
 [270]
 [270]
 [270]
 [270]
 [270]
 [270]]  [[8]
 [8]
 [8]
 [8]
 [8]
 [8]
 [8]
 [8]
 [8]
 [8]]  [[0]
 [0]
 [0]
 [0]
 [0]
 [0]
 [0]
 [0]
 [0]
 [0]] 
    2     [[0.66]
 [0.66]
 [0.66]
 [0.58]
 [0.58]
 [0.58]
 [0.5 ]
 [0.5 ]
 [0.5 ]]  [[270]
 [270]
 [270]
 [270]
 [270]
 [270]
 [270]
 [270]
 [270]
 [270]]  [[8]
 [8]
 [8]
 [8]
 [8]
 [8]
 [8]
 [8]
 [8]
 [8]]  [[0]
 [0]
 [0]
 [0]
 [0]
 [0]
 [0]
 [0]
 [0]
 [0]] 
